97,4
97,3
97,2
97,1
97,0
96,7
96,6
96,5
96,4
96,3
96,2
96,1
96,0
88,5
88,4
88,3
88,2
88,1
88,0
83,3
83,2
83,1
83,0
82,3
82,2
82,1
82,0
81,11
81,10
81,9
81,8
81,7
81,6
81,5
81,3
81,2
81,1
81,0
80,3
80,2
80,1
80,0
79,6
79,4
79,3
79,2
79,1
79,0
52,4
52,3
52,2
52,1
52,0
51,5
51,4
51,3
51,2
51,1
51,0
48,7
48,6
48,5
48,4
48,3
48,2
48,1
48,0
44,4
44,3
44,2
44,1
44,0
43,5
43,4
43,3
43,2
43,1
43,0
41,5
41,4
41,3
41,2
41,1
41,0
39,4
39,3
39,2
39,1
39,0
38,6
38,5
38,4
38,3
38,2
38,1
38,0
35,5
35,4
35,3
35,2
35,1
35,0
33,4
33,3
33,2
33,1
33,0
32,5
32,4
32,3
32,2
32,1
32,0
30,5
30,4
30,3
30,2
30,1
30,0
28,4
28,3
28,2
28,1
28,0
16,3
16,2
16,1
16,0
14,4
14,3
14,2
14,1
14,0
13,5
13,4
13,3
13,2
13,1
13,0
9,4
9,3
9,2
9,1
9,0
7,5
7,4
7,3
7,2
7,1
7,0
5,3
5,2
5,1
5,0
4,3
2,7
2,5
2,4
2,3
2,2
2,1
2,0
1,3
0,243
0,9
0,1
0,300
0,299
0,298
0,297
0,296
0,295
0,294
0,293
0,292
0,291
0,290
0,289
0,288
0,287
0,286
0,285
0,284
0,283
0,282
0,281
0,280
0,279
0,278
0,277
0,276
0,275
0,274
0,273
0,272
0,271
0,270
0,269
0,268
0,267
0,266
0,265
0,264
0,263
0,262
0,261
0,260
0,259
0,258
0,257
0,256
0,255
0,254
0,253
0,252
0,251
0,250
0,249
0,248
0,247
0,246
0,245
0,244
0,242
0,241
0,240
0,239
0,238
0,237
0,236
0,235
0,234
0,233
0,232
0,231
0,230
0,229
0,228
0,227
0,226
0,225
0,224
0,223
0,222
0,221
0,220
0,219
0,218
0,217
0,216
0,215
0,214
0,213
0,212
0,211
0,210
0,209
0,208
0,207
0,206
0,205
0,204
0,203
0,202
0,201
0,200
0,199
0,198
0,197
0,196
0,195
0,194
0,193
0,192
0,63
0,62
0,61
0,60
0,59
0,58
0,57
0,56
0,55
0,54
0,53
0,52
0,51
0,50
0,49
0,48
0,47
0,46
0,45
0,6
0,0
0,5
0,304
0,303
0,306
0,305
0,302
0,12
0,10
0,8
0,11
0,2
0,4
0,3
0,7
